POINTS 1629 double
12.505969516 -0.36315498129 0.20074518087 12.50631976 -0.36408118607 0.20000000298 12.506072403 -0.36333316825 0.20000000298 

POLYGONS 1504 6016
3 0 1 2 

CELL_DATA 1504
NORMALS Normals float
0.94795 0.313471 0.0559264 0.472715 0.86959 -0.142669 0.472715 0.86959 -0.142669 

POINT_DATA 1629
SCALARS TracerObelisk double
LOOKUP_TABLE default
0.001 0.001 0.001 0.001 0.001 0.001 0.001 0.001 0.001 

NORMALS Normals float
0.900985 0.425802 -0.083183 0.934314 0.356431 -0.00387905 0.94795 0.313471 0.0559264 